%23.09.12 http://www.glonass-ianc.rsa.ru/GPS/ephemeris.php
AlmGPS = [ ...
01		405504	0.00123	55.03650	-4.42014E-7	26559.57887	167.22286	24.27406	34.31178	2.74658E-4	0.00000E0
02		405504	0.01147	53.80637	-4.52492E-7	26560.80186	166.28464	-156.82936	89.37820	4.03404E-4	0.00000E0
03		405504	0.01585	53.39473	-4.86543E-7	26560.39922	99.47822	71.01751	99.17397	1.06812E-4	3.63798E-12
04		405504	0.01028	53.75212	-4.53147E-7	26559.76005	167.24309	51.91044	-83.42865	0.00000E0	1.09139E-11
05		405504	0.00291	54.44358	-4.73447E-7	26560.57034	-132.77729	12.48034	-147.27435	-3.54767E-4	0.00000E0
06		405504	0.00732	53.78508	-4.80650E-7	26559.84057	103.92635	-25.14080	-153.27483	-3.91006E-5	-7.27596E-12
07		405504	0.00600	55.92948	-4.34156E-7	26560.43445	-11.68139	-170.38621	11.40683	1.26839E-4	3.63798E-12
08		405504	0.01274	57.21247	-4.20405E-7	26559.73489	-6.75833	-167.69310	-26.35296	1.90735E-6	0.00000E0
09		405504	0.01726	56.42730	-4.30227E-7	26559.26180	-13.10437	94.35265	-23.75246	1.87874E-4	0.00000E0
10		405504	0.01167	54.14832	-4.76066E-7	26560.24320	-131.58274	43.61508	-132.78458	-5.24521E-5	0.00000E0
11		405504	0.01355	50.91525	-4.80650E-7	26559.78521	151.24348	62.82300	19.49015	-3.06129E-4	-3.63798E-12
12		405504	0.00398	56.21821	-4.56421E-7	26560.17274	48.85483	8.47893	-9.33812	9.25064E-5	0.00000E0
13		405504	0.00479	56.38129	-4.46598E-7	26559.21147	-67.20176	119.18477	141.93645	1.77383E-4	0.00000E0
14		405504	0.00684	55.96724	-4.52492E-7	26559.53861	-68.78130	-117.10598	156.32659	2.13623E-4	0.00000E0
15		405504	0.00468	54.06043	-4.76721E-7	26559.33226	-74.04766	2.00681	132.59084	-9.53674E-5	0.00000E0
16		405504	0.00652	56.26216	-4.57730E-7	26560.62570	49.89943	1.77294	-136.70960	-2.46048E-4	0.00000E0
17		405504	0.00757	55.20060	-4.61660E-7	26560.49988	109.47136	-131.64552	171.15289	9.25064E-5	0.00000E0
18		405504	0.01364	53.22100	-4.83924E-7	26560.28850	-132.33444	-122.76758	-105.41202	2.16484E-4	0.00000E0
19		405504	0.00859	55.04920	-4.62969E-7	26559.28697	112.49071	14.64941	124.05251	-3.07083E-4	0.00000E0
20		405504	0.00506	53.25637	-4.83269E-7	26559.23161	-135.40772	73.04910	-79.11171	6.86646E-5	0.00000E0
21		405504	0.01936	53.39301	-4.57730E-7	26561.08370	167.54032	-126.90456	-40.30337	-2.51770E-4	0.00000E0
22		405504	0.00629	53.09054	-4.86543E-7	26559.67952	-132.15574	-114.96534	-148.68233	1.47820E-4	0.00000E0
23		405504	0.00824	54.90981	-4.65589E-7	26558.80885	-71.89530	-167.75391	101.66113	1.59264E-4	-3.63798E-12
25		405504	0.00182	55.58032	-4.62314E-7	26559.58390	46.82120	44.22671	-76.46165	4.38690E-5	0.00000E0
26		405504	0.02079	56.23881	-4.50527E-7	26559.70972	-67.57390	69.15254	93.81644	-2.66075E-4	1.09139E-11
27		405504	0.02179	56.27829	-4.28918E-7	26560.00163	-14.66048	-59.04003	140.14549	4.35829E-4	3.63798E-12
28		405504	0.01809	56.16980	-4.56421E-7	26559.38259	50.27560	-104.27463	-151.51438	1.88828E-4	0.00000E0
29		405504	0.00181	55.23356	-4.61005E-7	26560.89748	109.96658	-61.31326	-28.41215	3.59535E-4	3.63798E-12
30		405504	0.01114	55.07804	-4.66243E-7	26560.22307	41.54926	92.25786	163.35022	-3.91006E-4	1.81899E-11
31		405504	0.00784	56.21821	-4.31537E-7	26560.56028	-11.48329	-49.10994	9.69608	2.76566E-4	0.00000E0
32		405504	0.01183	54.47413	-4.74101E-7	26558.64277	-127.68066	-29.27215	43.93424	-4.92096E-4	-3.63798E-12 ...
];